-4.973003331219993584e+01
-1.459969299484824887e+02
-1.979150596520644285e+02
-2.445552485912087661e+02
-3.056484675702212712e+02
-3.358195929131804860e+02
-3.296613680449922867e+02
-3.242098856892741878e+02
-3.301307964450638792e+02
-3.324377752219668309e+02
-3.356222449271783717e+02
-3.342210618181516111e+02
-3.309554889575549055e+02
-3.270283734605619088e+02
-2.949898112739137446e+02
-2.626908579993053650e+02
-2.586788939064095416e+02
-2.557304203236400042e+02
-2.530512619156309597e+02
-2.542198340070255256e+02
-2.787213510462702288e+02
-2.733957986927707111e+02
-2.808645027624021395e+02
-2.774961805324085162e+02
-2.823758885319088563e+02
-3.061862103095168663e+02
-3.001203139097426060e+02
-2.976587326778509350e+02
-2.938482187002290971e+02
-3.084475770564617392e+02
-3.416182384080518091e+02
-3.358335286326274627e+02
-3.326631465900869102e+02
-3.280508375381553492e+02
-3.247286398304600539e+02
-3.254110714824218462e+02
-3.192642087593175688e+02
-3.441261267439932112e+02
-3.445646541330230548e+02
-3.648985637591616751e+02
-3.628159828628187142e+02
-3.986755102160432216e+02
-4.236950492641503843e+02
-4.504476835354227546e+02
-4.833047526831787195e+02
-4.791982024048313065e+02
-5.164417372545910894e+02
-5.460392472999192250e+02
-5.560850542469794391e+02
-5.839326459373070293e+02
-5.809847245468894243e+02
-5.493695512548754323e+02
-5.424530990449318324e+02
-5.321004310786414635e+02
-5.247264508393393498e+02
-5.174011979447085423e+02
-5.091181476390544844e+02
-5.054780786226880309e+02
-4.725542394573569709e+02
-4.653717014112594370e+02
-4.615115445499243378e+02
-4.563158473307753411e+02
-4.508523282821149678e+02
-4.550512566067454827e+02
-4.505949594720155460e+02
-4.418675624225851379e+02
-4.333121693068977720e+02
-4.258150355848525237e+02
-4.175772644368981332e+02
-4.112930408705408354e+02
-4.075024024661795465e+02
-4.043581990409751938e+02
-3.965455121821220246e+02
-3.892846281814959184e+02
-3.817693801916257144e+02
-3.770919533214400872e+02
-3.751943341670201448e+02
-3.725804448620000926e+02
-3.717753682598099658e+02
-3.649074865576193929e+02
-3.579727042423896251e+02
-3.521798622029191961e+02
-3.500511487119704270e+02
-3.433154392874610039e+02
-3.367127772916788899e+02
-3.314241323361778768e+02
-3.253551548266538020e+02
-3.249360798553646532e+02
-3.210697057949118971e+02
-3.154024824506037703e+02
-3.092527090091458604e+02
-3.043194372675359318e+02
-2.728424365190633125e+02
-2.675367187285451109e+02
-2.639203097211536146e+02
-2.600283855981587067e+02
-2.316090559420584611e+02
-2.272168516350593848e+02
-2.233069845354206393e+02
-2.203749445287579363e+02
-2.163067840179012933e+02
-2.132065094735526998e+02
-2.158501966722855911e+02
-2.115739592494393548e+02
-2.075792629310718098e+02
-2.049569224717562861e+02
-2.011928253987373409e+02
-1.980987162421407106e+02
-1.974436347485461454e+02
-1.963075928314106875e+02
-1.938017295604571473e+02
-1.901617982988654205e+02
-1.867421929269629857e+02
-1.562794554037561738e+02
-1.531833819883856904e+02
-1.510873724021084570e+02
-1.239772761825299625e+02
-1.217173796129846153e+02
-1.196993727921826007e+02
-1.197128501851707227e+02
-1.181275150481305047e+02
-1.170742533627821444e+02
-1.184220659535015585e+02
-1.200382174318240942e+02
-1.216223511147536414e+02
-1.231751013111625923e+02
-1.245980852755235446e+02
-1.258940718331761985e+02
-1.273621943930220084e+02
-1.287016311787876361e+02
