2.441299999999999727e+03
-2.128333333333316375e+02
9.783833333333333258e+02
1.027466666666666470e+03
1.014946666666666715e+04
7.809566666666668425e+03
1.483716666666666470e+03
-4.193166666666663787e+02
7.261999999999998181e+02
-1.872250000000012733e+03
2.138466666666666697e+03
1.143001666666666824e+04
-1.034999999999990905e+01
9.292033333333332848e+03
1.456250000000000000e+03
3.321950000000000273e+03
1.434083333333333258e+03
3.476466666666666697e+03
5.221416666666666060e+03
-9.463333333333223152e+01
1.114616666666666561e+03
-9.736666666666540948e+01
1.383783333333333076e+03
-7.363333333333282837e+01
1.605899999999999864e+03
1.761149999999999636e+03
1.405750000000000000e+03
1.673616666666666106e+03
-9.879999999999874660e+01
-1.391666666666641845e+02
-9.799999999999870681e+01
-1.101333333333313931e+02
-1.400666666666642186e+02
1.546849999999998772e+03
3.084016666666666424e+03
-6.836666666666627634e+01
1.578366666666666106e+03
-9.676666666666544359e+01
1.317283333333333076e+03
-8.486666666666614844e+01
-9.566666666666553454e+01
-9.623333333333214057e+01
-1.071333333333317199e+02
-1.009999999999986500e+02
1.560349999999999682e+03
-8.626666666666596939e+01
-9.686666666666555159e+01
-7.936666666666624792e+01
-8.763333333333264363e+01
-6.736666666666613423e+01
-7.713333333333294206e+01
-7.143333333333286816e+01
-1.151999999999985675e+02
-9.166666666666573349e+01
-8.279999999999955662e+01
-9.066666666666587560e+01
-8.736666666666599212e+01
-9.793333333333214341e+01
-9.603333333333229405e+01
-7.026666666666615413e+01
1.422583333333333258e+03
-9.366666666666560559e+01
1.621199999999999591e+03
-8.863333333333262942e+01
1.620916666666666288e+03
1.505250000000000000e+03
1.501699999999999818e+03
1.605349999999999682e+03
1.254933333333333167e+03
1.501766666666666424e+03
-7.973333333333307849e+01
-9.509999999999890008e+01
1.435133333333333212e+03
